,City,Cloudiness,Country,Date,Humidity,Lat,Lng,Max Temp,Wind Speed
0,Salvacion,92,PH,1580691036,89,7.98,126.13,22.98,2.28
1,Kapaa,20,US,1580690863,65,22.08,-159.32,26.0,4.6
2,Ambilobe,100,MG,1580691037,91,-13.2,49.05,24.11,1.38
3,Mahebourg,61,MU,1580691037,77,-20.41,57.7,25.56,2.24
4,Dingle,81,PH,1580691037,79,11.0,122.67,22.74,5.17
5,Mataura,99,NZ,1580691037,98,-46.19,168.86,15.56,2.24
6,Tambopata,98,PE,1580691038,95,-12.73,-69.18,24.38,1.95
7,Kloulklubed,75,PW,1580691038,74,7.04,134.26,29.0,4.1
8,Xingyi,22,CN,1580691038,98,24.19,102.82,7.02,0.85
9,Hobart,40,AU,1580690839,35,-42.88,147.33,14.0,7.2
10,Punta Arenas,75,CL,1580690739,81,-53.15,-70.92,10.0,6.2
11,Severobaykalsk,45,RU,1580691039,99,55.65,109.32,-22.14,6.78
12,Rikitea,96,PF,1580691039,77,-23.12,-134.97,26.46,5.84
13,Arrondissement de Mende,97,FR,1580691040,98,44.67,3.5,6.26,1.35
14,Vaini,40,TO,1580691040,78,-21.2,-175.2,27.0,5.1
15,Cabo San Lucas,90,MX,1580690850,88,22.89,-109.91,20.0,4.6
16,Tuktoyaktuk,20,CA,1580691041,73,69.45,-133.04,-35.0,3.6
17,Borogontsy,91,RU,1580691041,97,62.67,131.17,-33.94,1.64
18,Saldanha,40,ZA,1580691042,88,-33.01,17.94,17.0,5.1
19,Klaksvik,100,FO,1580691042,69,62.23,-6.59,3.0,7.2
20,New Norfolk,40,AU,1580691043,35,-42.78,147.06,14.0,7.2
21,George Town,20,MY,1580690985,78,5.41,100.34,26.0,2.1
22,Paris,75,FR,1580690986,93,48.85,2.35,11.67,1.5
23,Saint George,1,US,1580690791,21,37.1,-113.58,19.0,7.2
24,Panjab,100,AF,1580691044,71,34.39,67.02,-15.97,2.74
25,Buraidah,0,SA,1580691044,60,26.33,43.98,6.0,2.6
26,Alice Springs,75,AU,1580691044,49,-23.7,133.88,23.0,5.1
27,Avarua,37,CK,1580691044,74,-21.21,-159.78,28.0,6.2
28,Arrondissement de Saint-Denis,90,FR,1580691044,100,48.92,2.33,11.67,3.6
29,Cherskiy,100,RU,1580691045,98,68.75,161.3,-34.23,2.21
30,Sundargarh,0,IN,1580691045,81,22.12,84.03,12.0,3.37
31,Albany,90,US,1580690848,92,42.6,-73.97,1.0,0.79
32,Ahipara,5,NZ,1580691045,83,-35.17,173.17,21.56,4.64
33,Jaciara,83,BR,1580691012,80,-15.97,-54.97,24.87,1.55
34,Itarema,1,BR,1580691046,90,-2.92,-39.92,24.79,1.64
35,Oktyabrskiy,97,RU,1580691046,91,54.48,53.47,-4.7,6.56
36,Ilulissat,100,GL,1580691046,77,69.22,-51.1,-16.0,1.5
37,Bathsheba,92,BB,1580691046,76,13.22,-59.52,25.65,5.09
38,Nizwa,11,OM,1580691047,71,22.93,57.53,13.77,1.51
39,Pachperwa,0,IN,1580691047,89,27.52,82.65,8.48,2.46
40,Tuatapere,100,NZ,1580691047,98,-46.13,167.68,15.56,2.24
41,Talnakh,90,RU,1580691047,76,69.49,88.4,-23.0,16.0
42,Torbay,90,CA,1580690881,100,47.67,-52.73,5.0,8.2
43,Saint-Philippe,20,RE,1580691048,88,-21.36,55.77,26.0,11.3
44,Caravelas,0,BR,1580691048,87,-17.71,-39.25,26.65,5.8
45,Cape Town,90,ZA,1580690766,100,-33.93,18.42,21.11,5.1
46,Bluff,100,NZ,1580691049,98,-46.6,168.33,15.56,2.24
47,Visby,0,SE,1580691050,74,57.64,18.3,3.89,8.2
48,Mar del Plata,18,AR,1580690942,82,-38.0,-57.56,19.0,4.6
49,Uvat,73,RU,1580691050,97,59.14,68.9,-15.29,1.66
50,Venado Tuerto,0,AR,1580691050,20,-33.75,-61.97,28.65,3.69
51,Hermanus,18,ZA,1580691050,95,-34.42,19.23,20.0,1.79
52,Qaanaaq,21,GL,1580691051,54,77.48,-69.36,-30.83,1.86
53,Ushuaia,75,AR,1580691051,76,-54.8,-68.3,11.0,2.1
54,Quatre Cocos,12,MU,1580691051,77,-20.21,57.76,25.56,2.24
55,Ordu,40,TR,1580691051,70,40.91,37.68,8.0,1.0
56,Cap Malheureux,8,MU,1580691051,77,-19.98,57.61,25.56,2.24
57,Ruthin,75,GB,1580691052,81,53.11,-3.32,10.56,7.7
58,Isangel,75,VU,1580691052,70,-19.55,169.27,30.0,4.1
59,Zhanaozen,1,KZ,1580691052,85,43.3,52.8,-0.44,2.59
60,Sao Filipe,0,CV,1580691052,64,14.9,-24.5,21.73,3.8
61,Mae Sai,0,TH,1580691053,100,20.43,99.88,15.0,0.5
62,Barrow,1,US,1580691053,93,71.29,-156.79,-35.0,6.2
63,Glinishchevo,92,RU,1580691053,87,53.3,34.07,1.61,4.32
64,Kirakira,100,SB,1580691053,69,-10.45,161.92,29.96,3.19
65,Sechura,87,PE,1580691053,86,-5.56,-80.82,23.6,6.84
66,Linfen,0,CN,1580691054,38,36.09,111.52,-0.14,0.52
67,Naze,75,JP,1580691054,59,28.37,129.48,17.0,1.0
68,Hilo,90,US,1580691054,73,19.73,-155.09,23.0,4.6
69,Pevek,100,RU,1580691054,99,69.7,170.31,-28.17,2.22
70,Castro,100,BR,1580691055,99,-24.79,-50.01,17.59,0.94
71,Honningsvag,100,NO,1580691055,76,70.98,25.97,1.44,12.83
72,Puerto Ayora,20,EC,1580691055,74,-0.74,-90.35,28.0,5.7
73,Chokurdakh,0,RU,1580691055,93,70.63,147.92,-33.93,4.89
74,Kalabo,100,ZM,1580691055,92,-14.97,22.68,20.22,1.61
75,Ishinomaki,75,JP,1580691056,69,38.42,141.3,3.0,1.0
76,Havre-Saint-Pierre,90,CA,1580691056,62,50.23,-63.6,-5.0,3.6
77,Port Elizabeth,46,ZA,1580691055,63,-33.92,25.57,22.93,1.4
78,Busselton,0,AU,1580691056,56,-33.65,115.33,20.0,1.79
79,Esperance,90,AU,1580691056,55,-33.87,121.9,18.0,4.1
80,Griffith,1,US,1580691057,65,41.53,-87.42,8.33,1.5
81,Bredasdorp,34,ZA,1580691057,88,-34.53,20.04,21.0,1.5
82,Bethel,90,US,1580691023,97,41.37,-73.41,4.0,1.56
83,Najran,5,SA,1580691057,51,17.49,44.13,15.0,1.05
84,Jamestown,90,US,1580690995,100,42.1,-79.24,3.89,4.1
85,Longyearbyen,75,SJ,1580691058,72,78.22,15.64,-12.0,6.7
86,Lavrentiya,28,RU,1580691058,85,65.58,-171.0,-28.91,5.47
87,Hashtrud,6,IR,1580691058,90,37.48,47.05,-15.25,0.24
88,Say,2,NE,1580691058,14,13.1,2.37,22.0,1.0
89,Chapais,90,CA,1580691040,92,49.78,-74.85,-4.0,2.6
90,Komatipoort,6,ZA,1580691059,91,-25.43,31.95,20.0,1.88
91,Tarakan,96,ID,1580690946,88,3.3,117.63,25.12,3.29
92,Le Port,32,RE,1580691059,88,-20.94,55.29,26.0,8.2
93,Saskylakh,100,RU,1580691061,89,71.92,114.08,-25.93,2.41
94,Lebu,0,CL,1580691062,81,-37.62,-73.65,12.58,1.05
95,Emba,42,KZ,1580691063,95,48.83,58.14,-12.01,1.93
96,Saint-Joseph,20,RE,1580691063,88,-21.37,55.62,26.0,11.3
97,Ribeira Grande,34,PT,1580691063,75,38.52,-28.7,11.9,4.83
98,Tasiilaq,98,GL,1580691064,73,65.61,-37.64,-5.0,0.5
99,Clyde River,1,CA,1580691064,73,70.47,-68.59,-36.0,1.5
100,Hasaki,75,JP,1580691064,70,35.73,140.83,8.33,2.6
101,Dunedin,82,NZ,1580691064,86,-45.87,170.5,21.11,1.85
102,Norman Wells,20,CA,1580691065,74,65.28,-126.83,-31.0,2.1
103,San Quintin,0,MX,1580691065,76,30.48,-115.95,17.13,4.44
104,Bengkulu,92,ID,1580691065,85,-3.8,102.27,23.77,1.8
105,Loughrea,20,IE,1580691003,81,53.2,-8.57,8.0,8.2
106,Suraabad,0,AZ,1580691065,75,40.82,49.47,6.0,5.1
107,Atuona,0,PF,1580691066,75,-9.8,-139.03,27.53,7.28
108,Fort Nelson,75,CA,1580691066,76,58.81,-122.7,-22.0,1.5
109,Balsas,90,BR,1580691066,80,-7.53,-46.04,25.18,1.79
110,Vila Velha,20,BR,1580690839,83,-20.33,-40.29,27.0,1.5
111,Severo-Kuril'sk,27,RU,1580691067,85,50.68,156.12,-7.69,4.13
112,Berlevag,100,NO,1580691067,80,70.86,29.09,1.81,7.81
113,Maraa,100,BR,1580691067,94,-1.83,-65.37,24.32,1.3
114,Havelock,1,US,1580691067,66,34.88,-76.9,12.0,7.2
115,Flagstaff,1,US,1580690888,28,35.2,-111.65,18.33,6.7
116,Kahului,40,US,1580690913,54,20.89,-156.47,28.0,8.2
117,Xingcheng,0,CN,1580691068,77,40.62,120.72,-8.78,0.89
118,Whitehorse,75,CA,1580690874,63,60.72,-135.05,-20.56,5.7
119,Arraial do Cabo,100,BR,1580691007,88,-22.97,-42.03,25.7,3.91
120,Muros,9,ES,1580691069,76,42.78,-9.06,17.22,2.6
121,Nanortalik,0,GL,1580691069,48,60.14,-45.24,-5.71,5.38
122,San Patricio,75,MX,1580691069,74,19.22,-104.7,29.0,2.6
123,Tumut,0,AU,1580691069,30,-35.3,148.22,20.02,4.49
124,Souillac,61,MU,1580691070,77,-20.52,57.52,25.56,2.24
125,Sonoita,0,MX,1580691070,32,31.85,-112.83,21.67,0.89
126,Butaritari,100,KI,1580691070,73,3.07,172.79,28.34,7.01
127,Lorengau,100,PG,1580691070,78,-2.02,147.27,28.95,5.67
128,Ambon,40,ID,1580691070,66,-3.7,128.18,31.0,1.5
129,Dikson,11,RU,1580691071,80,73.51,80.55,-27.46,6.59
130,Mount Gambier,47,AU,1580691071,42,-37.83,140.77,17.0,8.7
131,Chico,40,US,1580691066,22,39.73,-121.84,14.0,8.2
132,Kurilsk,32,RU,1580691071,79,45.23,147.88,-4.92,2.94
133,Barinas,99,VE,1580691071,53,8.62,-70.21,28.57,1.14
134,Kavaratti,40,IN,1580690953,74,10.57,72.64,26.76,4.44
135,Safi,0,MA,1580691072,72,32.3,-9.24,13.39,0.45
136,Aklavik,20,CA,1580691072,67,68.22,-135.01,-33.0,3.1
137,Galle,28,LK,1580690941,72,6.04,80.22,26.84,1.0
138,Sitka,75,US,1580691074,74,57.05,-135.33,1.0,2.3
139,Iskenderun,0,TR,1580691074,87,36.59,36.17,6.0,1.5
140,Khandyga,42,RU,1580691074,90,62.67,135.6,-33.9,0.94
141,Paamiut,90,GL,1580691074,37,61.99,-49.67,-6.95,3.27
142,Simao,0,CN,1580691074,76,22.79,100.97,7.48,0.73
143,Padang,54,ID,1580690863,88,-0.95,100.35,21.04,3.05
144,Vikulovo,93,RU,1580691075,96,56.82,70.61,-14.78,1.99
145,Geraldton,0,AU,1580691075,13,-28.77,114.6,37.0,11.8
146,Hong Kong,20,HK,1580690837,72,22.29,114.16,18.89,5.7
147,Westport,90,US,1580691075,90,41.14,-73.36,4.0,5.03
148,East London,84,ZA,1580691076,64,-33.02,27.91,25.49,3.27
149,Ancud,75,CL,1580691076,72,-41.87,-73.82,15.0,6.7
150,Las Vegas,1,US,1580690824,24,36.17,-115.14,24.0,11.3
151,Aasiaat,100,GL,1580691077,91,68.71,-52.87,-17.11,1.45
152,Lompoc,1,US,1580691077,58,34.64,-120.46,19.0,7.7
153,Khatanga,34,RU,1580691077,82,71.97,102.5,-31.43,1.97
154,Pacayas,40,CR,1580691077,73,9.81,-84.05,23.0,7.7
155,Denpasar,20,ID,1580691077,83,-8.65,115.22,29.0,1.0
156,Dabat,67,ET,1580691078,57,12.98,37.77,12.73,1.96
157,Leningradskiy,14,RU,1580691078,84,69.38,178.42,-25.14,6.45
158,Jiazi,0,CN,1580691078,82,22.88,116.07,12.54,2.51
159,Luderitz,1,NA,1580691079,91,-26.65,15.16,17.4,11.04
160,Mandera,72,KE,1580691079,24,3.94,41.87,20.0,7.66
161,Sinnamary,1,GF,1580691079,72,5.38,-52.95,26.44,6.07
162,Kiryat Gat,19,IL,1580691065,100,31.61,34.76,11.67,1.0
163,Palmer,90,US,1580690935,59,42.16,-72.33,3.33,2.1
164,Jamame,100,SO,1580691080,79,0.07,42.75,26.86,7.66
165,Belmonte,40,BR,1580691081,83,-15.86,-38.88,27.0,2.6
166,Codrington,51,AU,1580691081,62,-38.27,141.97,13.56,10.17
167,Verkhnevilyuysk,67,RU,1580691081,98,63.45,120.32,-37.46,1.95
168,Hay River,75,CA,1580691082,76,60.82,-115.8,-24.0,4.6
169,Iqaluit,90,CA,1580691082,78,63.75,-68.51,-13.0,4.6
170,Alugan,38,PH,1580691083,76,12.22,125.48,24.47,7.0
171,Bolgatanga,30,GH,1580691083,12,10.79,-0.85,21.6,3.86
172,Nazarovo,78,RU,1580691083,92,56.01,90.39,-17.91,3.31
173,Usmajac,90,MX,1580691083,44,19.87,-103.57,27.0,1.47
174,Severo-Yeniseyskiy,100,RU,1580691083,92,60.37,93.04,-25.55,1.6
175,Saint-Augustin,100,CA,1580691084,92,51.23,-58.65,-5.56,13.2
176,Getulio Vargas,0,UY,1580691084,82,-32.68,-53.55,21.15,4.56
177,Carnarvon,40,AU,1580691084,88,-24.87,113.63,26.0,3.1
178,Kaifeng,9,CN,1580691007,79,34.79,114.35,-2.0,2.0
179,Inuvik,20,CA,1580691084,67,68.35,-133.72,-33.0,3.1
180,Port Alfred,78,ZA,1580691085,94,-33.59,26.89,21.67,2.79
181,Tessalit,0,ML,1580691085,11,20.2,1.01,18.39,3.12
182,Koumac,92,NC,1580691085,59,-20.57,164.28,28.69,2.77
183,Hokitika,99,NZ,1580691085,88,-42.72,170.97,19.5,6.27
184,Aktobe,90,KZ,1580691087,85,50.28,57.21,-9.0,2.0
185,Chara,100,RU,1580691087,93,56.91,118.26,-28.55,2.43
186,Jiayuguan,0,CN,1580691087,48,39.82,98.3,-7.44,3.29
187,Kumul,12,CN,1580691087,64,42.8,93.45,-13.15,0.49
188,Airai,100,TL,1580691087,81,-8.93,125.41,22.38,0.73
189,Egersund,100,NO,1580691088,76,58.45,6.0,2.22,1.24
190,Yangi Marg`ilon,100,UZ,1580691088,69,40.43,71.72,1.0,1.0
191,Ierapetra,40,GR,1580690960,87,35.01,25.74,11.67,3.1
192,Bilibino,89,RU,1580691088,99,68.05,166.44,-39.73,0.86
193,Iizuka,75,JP,1580690799,75,33.63,130.68,11.11,3.6
194,Faanui,100,PF,1580691089,78,-16.48,-151.75,28.0,8.67
195,Vila Franca do Campo,20,PT,1580691089,81,37.72,-25.43,12.0,2.6
196,Ponta do Sol,20,PT,1580691089,72,32.67,-17.1,20.0,8.7
197,Hare Bay,90,CA,1580691089,100,48.85,-54.01,1.0,6.2
198,Soure,38,BR,1580691089,92,-0.72,-48.52,24.78,2.5
199,Ilebo,89,CD,1580691090,91,-4.32,20.58,21.44,0.52
200,Nemuro,20,JP,1580691090,85,43.32,145.57,-8.0,0.5
201,Nivala,99,FI,1580691090,91,63.92,25.0,-8.33,4.47
202,Port Hedland,92,AU,1580691090,49,-20.32,118.57,32.0,4.1
203,Archidona,60,ES,1580691090,87,37.1,-4.39,14.44,4.1
204,Tiksi,95,RU,1580691091,91,71.69,128.87,-30.0,2.48
205,Taltal,0,CL,1580690885,83,-25.4,-70.48,17.09,1.94
206,Chokwe,1,MZ,1580691091,93,-24.53,32.98,22.58,1.97
207,Tautira,75,PF,1580691091,62,-17.73,-149.15,30.0,7.7
208,Majene,91,ID,1580690871,84,-3.54,118.97,25.91,1.38
209,Vestmannaeyjar,100,IS,1580691092,74,63.44,-20.27,3.13,5.87
210,Hun,0,LY,1580691092,74,29.13,15.95,13.26,2.94
211,Yeppoon,0,AU,1580691093,40,-23.13,150.73,32.0,3.1
212,Upernavik,43,GL,1580691093,93,72.79,-56.15,-31.69,2.46
213,Dali,0,CN,1580691093,93,25.7,100.18,-0.21,1.21
214,Giohar,40,SO,1580691093,76,2.78,45.5,22.51,4.37
215,Eyrarbakki,100,IS,1580691093,63,63.86,-21.15,-1.0,5.7
216,Lalmohan,0,BD,1580691094,54,22.34,90.74,14.43,2.45
217,Perth,0,AU,1580690744,53,-31.93,115.83,24.44,9.3
218,Port-Cartier,75,CA,1580691094,67,50.03,-66.87,-6.0,4.1
219,Prince Rupert,75,CA,1580691094,61,54.32,-130.32,0.0,3.1
220,Jieshi,0,CN,1580691094,82,22.81,115.83,12.54,2.51
221,Bambous Virieux,29,MU,1580691095,77,-20.34,57.76,25.56,2.24
222,Yellowknife,75,CA,1580691095,75,62.46,-114.35,-25.56,4.1
223,Praia,0,CV,1580691095,17,14.92,-23.51,23.0,4.1
224,La Rosa,90,HN,1580691095,94,15.35,-87.07,24.0,3.6
225,Broome,90,US,1580691096,97,42.25,-75.83,1.11,1.9
226,Yarim,41,YE,1580691096,61,14.3,44.38,12.33,1.52
227,Pisco,40,PE,1580691096,88,-13.7,-76.22,22.0,8.7
228,Helena,90,US,1580691096,46,46.59,-112.04,-1.67,6.7
229,Harar,41,ET,1580691096,80,9.31,42.13,14.81,0.49
230,Saint-Leu,20,RE,1580691097,88,-21.15,55.28,26.0,11.3
231,Aksha,4,RU,1580691097,87,50.28,113.29,-26.5,2.58
232,Pokrovsk,100,UA,1580691097,93,48.28,37.18,7.0,6.79
233,Chui,0,UY,1580691097,81,-33.7,-53.46,21.97,4.93
234,Yulara,90,AU,1580691098,30,-25.24,130.99,27.0,6.7
235,General Roca,40,AR,1580691098,39,-39.03,-67.58,26.0,6.7
236,Kendari,99,ID,1580691098,92,-3.94,122.5,24.47,1.1
237,Neiafu,40,TO,1580691098,70,-18.65,-173.98,29.0,5.1
238,Nantucket,75,US,1580690826,74,41.28,-70.1,3.89,4.1
239,Ayan,100,RU,1580691099,95,56.45,138.17,-16.8,3.63
240,Kakonko,99,TZ,1580691099,92,-3.28,30.96,17.47,0.82
241,Yerbogachen,11,RU,1580691099,97,61.28,108.01,-40.22,1.05
242,Nikolskoye,90,RU,1580691100,86,59.7,30.79,1.0,5.0
243,Thompson,90,CA,1580690944,77,55.74,-97.86,-18.0,4.6
244,Kodiak,90,US,1580691100,97,57.79,-152.41,1.0,5.1
245,Cidreira,63,BR,1580691101,81,-30.18,-50.21,24.09,10.13
246,High Level,20,CA,1580691101,76,58.52,-117.14,-20.0,1.5
247,Kendallville,1,US,1580691101,61,41.44,-85.27,11.0,8.7
248,Rosarito,75,MX,1580691102,72,32.33,-117.03,19.0,2.6
249,Mossamedes,100,AO,1580691102,80,-15.2,12.15,22.93,2.16
250,Turaif,2,SA,1580691103,93,31.67,38.66,3.0,3.1
251,Skibbereen,40,IE,1580691103,87,51.55,-9.27,7.0,3.6
252,Southbridge,90,US,1580691103,68,42.08,-72.03,3.33,2.1
253,Saint Anthony,40,US,1580691103,69,45.02,-93.22,3.89,4.6
254,Muli,8,MV,1580691103,76,2.92,73.57,27.4,4.98
255,Trelew,1,AR,1580690840,25,-43.25,-65.31,21.17,13.63
256,Rio Grande City,1,US,1580691104,40,26.38,-98.82,22.0,4.1
257,Porto-Novo,24,BJ,1580691036,88,6.5,2.6,24.0,0.5
258,Fereydunkenar,0,IR,1580691104,60,36.69,52.52,5.42,2.65
259,Vicuna,40,CL,1580691104,88,-30.03,-70.71,18.0,4.1
260,Chiapilla,5,MX,1580691105,56,16.52,-92.73,23.0,7.2
261,Pontalina,29,BR,1580691105,84,-17.52,-49.45,23.03,0.57
262,Korla,62,CN,1580691105,33,41.76,86.15,-8.2,1.53
263,Puerto Escondido,17,MX,1580691042,69,15.85,-97.07,23.6,1.09
264,Kitimat,75,CA,1580691106,86,54.05,-128.65,-1.0,2.1
265,Kaitangata,100,NZ,1580691106,97,-46.28,169.85,15.56,0.89
266,Iberia,1,US,1580690832,62,29.95,-91.75,16.11,2.1
267,Tsogni,100,GA,1580691106,74,-2.79,10.1,28.17,3.51
268,Port Augusta,90,AU,1580691107,63,-32.5,137.77,20.0,5.7
269,Husavik,100,IS,1580691107,84,66.04,-17.34,-17.0,1.5
270,Traralgon,84,AU,1580691107,60,-38.18,146.53,15.56,5.36
271,Paulista,20,BR,1580690910,74,-7.94,-34.87,29.0,3.1
272,Salalah,1,OM,1580691107,68,17.02,54.09,21.0,2.1
273,Mayumba,100,GA,1580691108,75,-3.43,10.66,28.15,2.97
274,Patti,90,IN,1580691108,100,31.28,74.86,7.0,0.82
275,Qaqortoq,0,GL,1580691108,54,60.72,-46.03,-15.0,2.11
276,Maryville,1,US,1580691108,41,35.76,-83.97,15.0,3.6
277,Puro,100,PH,1580691109,72,12.48,123.38,23.94,6.85
278,Lakatoro,40,VU,1580691110,79,-16.1,167.42,30.0,3.1
279,Palembang,75,ID,1580690877,94,-2.92,104.75,25.0,2.6
280,Antonio Escobedo,100,MX,1580691110,84,20.8,-104.02,15.0,1.02
281,Vila,98,PT,1580691110,82,42.03,-8.16,17.22,4.1
282,Touros,40,BR,1580691111,83,-5.2,-35.46,27.0,1.5
283,Necochea,0,AR,1580691111,87,-38.55,-58.74,17.22,0.89
284,Broken Hill,14,AU,1580691111,45,-31.95,141.43,20.0,7.7
285,Mana,46,GF,1580691111,90,5.66,-53.78,22.23,1.28
286,Kununurra,90,AU,1580691111,74,-15.77,128.73,28.0,3.6
287,Laas,75,IT,1580691111,100,46.62,10.7,3.33,1.5
288,Kruisfontein,30,ZA,1580691112,75,-34.0,24.73,22.87,3.23
289,Kimbe,98,PG,1580691112,69,-5.55,150.14,29.84,1.95
290,Ust-Nera,0,RU,1580691112,100,64.57,143.2,-39.48,0.2
291,Gushikawa,20,JP,1580691112,59,26.35,127.87,19.0,1.5
292,Maningrida,100,AU,1580691113,79,-12.07,134.27,28.97,5.05
293,Hithadhoo,1,MV,1580691113,73,-0.6,73.08,27.59,6.66
294,Djebeniana,20,TN,1580691113,87,35.03,10.91,12.0,2.6
295,Uglegorsk,97,RU,1580691113,89,49.08,142.03,-15.18,0.83
296,Adrar,0,MR,1580691114,12,20.5,-10.07,20.17,4.94
297,Rundu,26,NA,1580691114,63,-17.93,19.77,20.98,2.16
298,Beringovskiy,100,RU,1580691114,99,63.05,179.32,-29.75,13.22
299,Ixtapa,90,MX,1580691114,69,20.7,-105.2,26.0,4.1
300,Livermore,1,US,1580690993,34,37.68,-121.77,13.33,8.7
301,Zhangjiakou,4,CN,1580691115,54,40.81,114.88,-14.94,1.58
302,Bereket,77,TM,1580691115,93,39.24,55.52,2.89,5.9
303,Huarmey,88,PE,1580691115,70,-10.07,-78.15,23.63,2.03
304,Vostok,97,RU,1580691116,94,46.49,135.88,-19.74,1.77
305,Shahpur,13,IN,1580691116,76,16.7,76.83,19.87,3.16
306,Kieta,100,PG,1580691116,74,-6.22,155.63,28.54,0.22
307,Bose,36,IT,1580691117,93,45.46,8.01,8.89,1.5
308,Safaga,0,EG,1580691117,54,26.73,33.94,13.0,3.6
309,Decin,75,CZ,1580691117,100,50.78,14.21,8.33,2.6
310,Roald,75,NO,1580691117,73,62.58,6.13,2.0,2.6
311,Redwater,1,US,1580691118,28,33.36,-94.25,21.0,3.6
312,Kargasok,100,RU,1580691118,91,59.06,80.86,-15.26,4.84
313,Yar-Sale,100,RU,1580691118,97,66.83,70.83,-17.7,4.07
314,Narsaq,4,GL,1580691118,54,60.92,-46.05,-15.0,2.19
315,Virginia Beach,1,US,1580691035,58,36.85,-75.98,12.78,4.1
316,Plouzane,75,FR,1580691118,100,48.38,-4.62,12.0,4.1
317,Spring Hill,1,US,1580691054,81,28.48,-82.53,14.44,3.14
318,Nome,90,US,1580691021,77,64.5,-165.41,-16.0,10.8
319,Zhigansk,71,RU,1580691119,96,66.77,123.37,-36.72,4.15
320,Sayyan,61,YE,1580691120,50,15.17,44.32,12.38,2.41
321,Lazo,100,RU,1580691121,89,43.38,133.9,-16.39,2.65
322,Ossora,0,RU,1580691121,74,59.24,163.07,-26.35,4.41
323,Severnyy,40,RU,1580691122,86,50.68,36.55,4.0,5.0
324,Santa Maria,40,BR,1580690999,78,-29.68,-53.81,25.0,2.6
325,Kenai,90,US,1580691123,72,60.55,-151.26,-10.56,9.3
326,Iracoubo,1,GF,1580691123,72,5.48,-53.2,26.44,6.07
327,Campamento,83,HN,1580691124,76,14.55,-86.65,21.28,2.13
328,Hambantota,20,LK,1580691124,100,6.12,81.12,23.0,2.6
329,San Rafael,0,AR,1580691124,31,-34.62,-68.33,28.49,3.55
330,Kautokeino,99,NO,1580691124,80,69.01,23.04,-6.49,6.91
331,Balkanabat,61,TM,1580691124,85,39.51,54.37,2.83,2.86
332,Coyhaique,75,CL,1580691124,67,-45.58,-72.07,14.0,1.0
333,Altamont,20,US,1580690942,39,42.21,-121.74,0.0,7.2
334,Maceio,20,BR,1580690880,88,-9.67,-35.74,26.0,1.5
335,Sabang,39,ID,1580691125,77,5.89,95.32,27.87,9.13
336,Dicabisagan,100,PH,1580691125,80,17.08,122.42,20.5,3.35
337,Rio Grande,0,BR,1580691006,83,-32.03,-52.1,22.94,7.52
338,Fairbanks,1,US,1580691032,82,64.84,-147.72,-18.33,1.12
339,Departamento de Maldonado,17,UY,1580691126,65,-34.67,-54.92,26.0,4.1
340,Almenara,1,BR,1580691126,94,-16.18,-40.69,22.62,1.63
341,Brae,100,GB,1580691127,86,60.4,-1.35,4.0,9.3
342,Araceli,100,PH,1580691127,77,10.55,119.99,25.8,11.16
343,Capao Bonito,100,BR,1580691127,97,-24.01,-48.35,19.21,2.03
344,Camacha,75,PT,1580691127,93,33.08,-16.33,19.0,4.6
345,Joanopolis,75,BR,1580691065,100,-22.93,-46.28,21.0,2.1
346,Springbok,0,ZA,1580691128,59,-29.66,17.89,20.43,1.74
347,Baharly,76,TM,1580691128,75,38.44,57.43,4.67,2.03
348,Solwezi,100,ZM,1580691128,99,-12.17,26.39,16.93,1.28
349,Cayenne,20,GF,1580691129,94,4.93,-52.33,23.0,2.12
350,Korsakovo,98,RU,1580691129,95,53.27,37.36,1.41,6.48
351,Pangkalanbuun,100,ID,1580691013,92,-2.68,111.62,24.43,0.62
352,Laguna,1,US,1580691129,24,38.42,-121.42,15.0,4.6
353,Anadyr,20,RU,1580691129,65,64.75,177.48,-38.89,7.0
354,Tarabuco,75,BO,1580691130,77,-19.17,-64.92,15.0,8.2
355,Damaturu,0,NG,1580691130,17,11.75,11.96,17.09,3.77
356,Pointe Michel,40,DM,1580691130,94,15.25,-61.38,23.0,1.5
357,Nuuk,75,GL,1580691130,72,64.18,-51.72,-9.0,1.0
358,Hofn,100,IS,1580691131,96,64.25,-15.21,2.41,10.03
359,Muromtsevo,100,RU,1580691132,92,56.37,75.24,-16.5,1.99
360,Arkhangelsk,90,RU,1580691132,100,64.54,40.54,-5.0,2.0
361,Balkhash,100,KZ,1580691132,78,46.84,74.98,-9.88,4.84
362,Xiropotamos,20,GR,1580691133,87,41.2,24.1,11.67,0.29
363,Belaya Gora,0,RU,1580691133,98,68.53,146.42,-35.49,2.58
364,Brezova pod Bradlom,100,SK,1580691133,81,48.66,17.54,14.0,8.2
365,Entre Rios,31,BR,1580691133,95,-11.94,-38.08,23.9,1.96
366,Manta,20,EC,1580691134,74,-0.95,-80.73,28.0,2.1
367,Igrim,39,RU,1580691134,98,63.19,64.42,-19.91,2.8
368,Kelme,0,LT,1580691134,85,55.63,22.93,1.0,5.7
369,Aksu,0,CN,1580691134,65,41.12,80.26,-5.08,0.4
370,Katsuura,75,JP,1580691134,49,35.13,140.3,12.22,1.5
371,Saint-Paul,32,RE,1580691134,88,-21.01,55.27,26.0,8.2
372,Turukhansk,100,RU,1580691135,90,65.82,87.98,-24.48,7.42
373,Bursa,46,TR,1580691135,93,40.17,29.08,3.0,0.5
374,Tecalitlan,90,MX,1580691135,44,19.47,-103.3,27.0,2.67
375,Chumikan,100,RU,1580691135,95,54.72,135.31,-15.82,4.59
376,Goundam,9,ML,1580691136,10,16.41,-3.67,22.05,4.93
377,Hualmay,80,PE,1580691136,76,-11.1,-77.61,22.55,2.44
378,Atikokan,82,CA,1580691136,92,48.76,-91.62,-5.99,2.65
379,Pailitas,100,CO,1580691136,79,8.96,-73.63,23.54,2.84
380,Takaka,0,NZ,1580691136,83,-40.85,172.8,29.44,4.47
381,'Ahuimanu,75,US,1580691136,65,21.44,-157.84,28.0,5.1
382,Bosaso,31,SO,1580691137,75,11.28,49.18,23.8,7.35
383,Manutuke,100,NZ,1580691137,25,-38.68,177.92,35.0,2.68
384,Kavieng,100,PG,1580691137,79,-2.57,150.8,28.76,5.29
385,Sunrise Manor,1,US,1580691137,24,36.21,-115.07,24.0,11.3
386,Mugur-Aksy,0,RU,1580691137,34,50.35,90.5,-18.9,1.95
387,Lumeje,67,AO,1580691138,94,-11.55,20.78,19.01,2.41
388,Wuwei,0,CN,1580691139,14,37.93,102.64,-7.02,1.32
389,Alicia,80,PH,1580691139,88,16.78,121.7,18.46,0.78
390,Hervey Bay,29,AU,1580691140,48,-25.3,152.85,32.22,5.7
391,Brigham City,1,US,1580691140,69,41.51,-112.02,7.22,10.3
392,Mehamn,100,NO,1580691140,80,71.04,27.85,0.2,10.54
393,Avanuorri,75,NO,1580691141,92,71.0,24.66,-1.0,14.9
394,Surgut,91,RU,1580691141,84,61.25,73.42,-19.0,2.0
395,Aginskoye,0,RU,1580691142,85,51.1,114.53,-28.08,3.33
396,Chernyshevskiy,22,RU,1580691142,98,63.01,112.47,-38.55,0.95
397,Lusambo,80,CD,1580691142,94,-4.97,23.45,20.84,0.76
398,Sorland,92,NO,1580691143,65,67.67,12.69,2.02,8.87
399,Hatillo,1,PR,1580691143,81,18.49,-66.83,26.11,2.82
400,Xai-Xai,0,MZ,1580691143,94,-25.05,33.64,22.66,0.95
401,Nkongsamba,81,CM,1580691143,83,4.95,9.94,19.94,1.08
402,Bud,1,US,1580691144,66,39.45,-86.18,14.0,7.7
403,Lakselv,90,NO,1580691144,100,70.05,24.97,0.0,20.1
404,Caldwell,1,US,1580691144,64,43.66,-116.69,3.0,7.2
405,Thinadhoo,42,MV,1580691144,73,0.53,72.93,27.49,5.92
406,Caparrapi,95,CO,1580691144,94,5.35,-74.49,22.12,0.56
407,Shimoda,20,JP,1580691145,47,34.67,138.95,13.0,4.6
408,Moose Factory,90,CA,1580691145,92,51.26,-80.61,-2.0,3.6
409,Bandundu,89,CD,1580691145,88,-3.32,17.37,23.65,0.75
410,Emporio,44,GR,1580691145,86,40.48,21.55,5.0,1.5
411,Rawson,73,AR,1580691145,50,-43.3,-65.1,19.43,11.47
412,Bonavista,100,CA,1580691146,86,48.65,-53.11,3.33,2.24
413,Srednekolymsk,100,RU,1580691147,97,67.45,153.68,-33.46,3.23
414,Tual,87,ID,1580691147,77,-5.67,132.75,28.92,6.4
415,San Antonio del Tachira,40,VE,1580691148,69,7.81,-72.44,28.0,2.1
416,Epe,24,NG,1580691148,91,6.58,3.98,22.98,1.19
417,The Valley,20,AI,1580691148,78,18.22,-63.06,26.0,1.0
418,Yuanping,0,CN,1580691148,55,38.72,112.76,-8.1,0.57
419,Salme,20,NP,1580691149,100,28.04,85.09,4.0,1.5
420,Eenhana,57,NA,1580691149,61,-17.47,16.33,22.57,2.63
421,Chirongui,40,YT,1580691149,88,-12.93,45.15,28.0,5.1
422,Comodoro Rivadavia,100,AR,1580690856,72,-45.87,-67.5,17.0,1.5
423,Peniche,0,PT,1580691149,93,39.36,-9.38,16.67,2.6
424,Nioro,24,GM,1580691150,47,13.35,-15.75,21.86,2.78
425,Dudinka,90,RU,1580691150,76,69.41,86.18,-22.0,16.0
426,Hohhot,0,CN,1580691150,76,40.81,111.65,-22.0,2.0
427,Srisailain,0,IN,1580690990,95,16.08,78.87,17.25,1.32
428,Tahe,100,CN,1580691151,93,52.33,124.73,-24.79,2.86
429,Lajeado,0,BR,1580691151,80,-29.47,-51.96,25.56,2.22
430,Inirida,77,CO,1580691151,94,3.87,-67.92,24.2,0.83
431,Misratah,23,LY,1580691152,80,32.38,15.09,15.95,7.14
432,Provideniya,90,RU,1580691152,76,64.38,-173.3,-21.0,14.0
433,Puerto Baquerizo Moreno,75,EC,1580691152,88,-0.9,-89.6,26.0,4.1
434,Eau Claire,75,US,1580691152,74,44.81,-91.5,3.89,2.1
435,Lagoa,47,PT,1580691152,69,39.05,-27.98,14.57,6.94
436,Port Lincoln,83,AU,1580691153,60,-34.73,135.87,18.31,6.05
437,Morgan City,1,US,1580691153,87,29.7,-91.21,17.78,4.1
438,Heihe,20,CN,1580691153,75,50.24,127.49,-27.0,1.0
439,Noumea,20,NC,1580691114,46,-22.28,166.46,34.0,5.7
440,Bairiki Village,75,KI,1580691153,79,1.33,172.98,30.0,2.1
441,Grafton,90,US,1580691154,68,42.21,-71.69,3.33,2.1
442,Leh,0,IN,1580691154,39,34.17,77.58,-25.47,1.8
443,Quang Ngai,74,VN,1580691154,83,15.12,108.8,20.53,3.71
444,Charlestown,75,AU,1580691154,74,-32.95,151.67,30.56,3.1
445,Bend,75,US,1580691107,55,44.06,-121.32,1.11,2.81
446,Manokwari,99,ID,1580690946,77,-0.87,134.08,25.62,3.67
447,Shagonar,34,RU,1580691155,96,51.53,92.8,-28.43,0.7
448,Amapa,68,BR,1580691155,97,1.0,-52.0,22.32,1.26
449,Fortuna,90,US,1580691156,93,40.6,-124.16,7.22,3.6
450,Morbegno,75,IT,1580691156,100,46.14,9.57,8.33,1.5
451,Volkhov,100,RU,1580691156,97,59.93,32.34,1.57,4.46
452,Ugento,5,IT,1580691156,93,39.93,18.16,7.0,3.66
453,Jalu,0,LY,1580691157,61,29.03,21.55,14.43,1.83
454,Elko,75,US,1580691019,59,41.0,-115.5,1.0,5.7
455,Saint-Francois,90,FR,1580691157,76,46.42,3.91,11.0,0.5
456,Bikin,10,RU,1580691158,92,46.82,134.26,-19.06,1.62
457,Poya,83,NC,1580690885,79,-21.35,165.15,26.55,7.01
458,San Vicente,2,AR,1580691158,95,-26.62,-54.13,21.36,1.59
459,Vernon,1,CA,1580691032,40,50.26,-119.27,3.0,0.77
460,Tilichiki,0,RU,1580691159,88,60.47,166.1,-33.24,4.74
461,College,1,US,1580691159,82,64.86,-147.8,-18.33,0.99
462,Sioux Lookout,75,CA,1580690992,79,50.1,-91.92,-3.0,1.5
463,Shasta Lake,1,US,1580691160,41,40.68,-122.37,13.0,2.1
464,Abdanan,0,IR,1580691161,70,32.99,47.42,1.78,2.76
465,Whitianga,36,NZ,1580691161,58,-36.83,175.7,30.0,3.13
466,Pilar,20,BR,1580691162,88,-9.6,-35.96,26.0,1.5
467,Malakal,73,SS,1580691162,16,9.53,31.66,22.08,3.05
468,Krasnosel'kup,100,RU,1580691163,94,65.7,82.47,-17.32,9.63
469,Mentor,90,US,1580691163,78,41.67,-81.34,9.44,8.2
470,Yangambi,43,CD,1580691163,63,0.81,24.43,23.53,1.17
471,Xining,0,CN,1580691163,64,36.62,101.77,-11.31,2.31
472,Traverse City,90,US,1580691034,93,44.76,-85.62,5.56,6.99
473,Marawi,100,PH,1580691164,78,8.0,124.29,26.11,0.89
474,Talcahuano,0,CL,1580691164,77,-36.72,-73.12,17.0,3.6
475,Tabou,1,CI,1580691164,95,4.42,-7.35,24.39,1.37
476,Mumford,0,GH,1580691164,79,5.26,-0.76,25.61,1.52
477,Shahgarh,0,IN,1580691165,59,24.32,79.13,9.52,1.57
478,Plainview,90,US,1580691165,86,40.78,-73.47,3.33,3.6
479,Kovylkino,100,RU,1580691165,99,54.04,43.91,2.24,5.45
480,Katangli,100,RU,1580691165,90,51.71,143.23,-17.53,2.51
481,Dhemaji,75,IN,1580691165,100,27.48,94.58,11.0,1.5
482,Gravdal,69,NO,1580691166,67,68.12,13.5,1.14,8.07
483,Bulawayo,0,ZW,1580691166,59,-20.15,28.58,18.25,3.76
484,Mengcheng,96,CN,1580691166,68,33.26,116.57,2.27,4.82
485,Kearney,1,US,1580691166,61,40.7,-99.08,12.0,4.6
486,Nelson Bay,75,AU,1580691167,74,-32.72,152.15,30.0,3.1
487,Pacific Grove,1,US,1580691061,55,36.62,-121.92,13.0,7.7
488,Karaton,40,ID,1580691167,83,-6.34,106.1,27.22,1.5
489,Tomohon,75,ID,1580691167,100,1.33,124.84,24.0,1.0
490,Faya,34,SA,1580691167,81,18.39,42.45,11.0,0.83
491,Inhambane,21,MZ,1580691168,81,-23.86,35.38,26.79,4.76
492,Jumla,0,NP,1580691168,52,29.27,82.18,-8.35,2.73
493,Sangar,96,RU,1580691168,99,63.92,127.47,-39.03,1.43
494,Iowa City,1,US,1580691030,80,41.66,-91.53,6.11,2.6
495,Hirara,20,JP,1580691169,72,24.8,125.28,18.0,3.26
496,Canico,20,PT,1580691169,72,32.63,-16.85,20.0,8.7
497,Richards Bay,0,ZA,1580691169,82,-28.78,32.04,24.7,5.12
498,Lingyuan,6,CN,1580691169,66,41.24,119.4,-14.98,2.06
499,Lander,75,US,1580691169,80,42.83,-108.73,1.11,5.7
500,Mount Isa,100,AU,1580691170,55,-20.73,139.5,31.0,2.1
501,Kedrovyy,45,RU,1580691170,83,56.17,91.82,-26.0,1.0
502,Marti,75,CU,1580691170,63,22.95,-80.92,19.0,4.1
503,Saint George's,20,GD,1580691170,78,12.06,-61.75,27.0,5.7
504,Acapulco de Juarez,40,MX,1580691039,66,16.86,-99.89,29.0,3.1
505,Suntar,100,RU,1580691171,97,62.14,117.63,-36.02,1.67
506,Port Hardy,75,CA,1580691171,86,50.7,-127.42,3.0,4.6
507,Vardo,75,NO,1580691171,85,70.37,31.11,-7.0,3.1
508,Waipawa,0,NZ,1580691172,69,-41.41,175.52,24.0,14.4
509,Ryotsu,75,JP,1580691172,61,38.08,138.43,10.0,4.1
510,Kharp,95,RU,1580691172,100,66.8,65.81,-28.55,0.25
511,Barth,75,DE,1580691172,86,54.36,12.72,4.0,2.1
512,Verkhoyansk,5,RU,1580691172,96,67.54,133.38,-37.84,1.19
513,Ruidoso,1,US,1580691173,21,33.33,-105.67,16.0,3.1
514,Camopi,76,GF,1580691173,88,3.17,-52.32,22.57,1.58
515,Mahenge,100,TZ,1580691173,93,-8.68,36.72,21.87,0.49
516,Nanakuli,20,US,1580691173,57,21.39,-158.15,28.0,5.1
517,Carrollton,5,US,1580690883,24,32.95,-96.89,23.0,4.1
518,Aguada de Cima,15,PT,1580691174,93,40.52,-8.43,16.11,2.34
519,Negara,99,ID,1580691174,81,-8.32,114.6,27.15,1.69
520,Cockburn Town,5,TC,1580691174,80,21.46,-71.14,24.72,6.3
521,Buala,100,SB,1580691174,70,-8.14,159.59,29.93,3.32
522,Limpapa,20,PH,1580691175,62,7.12,121.91,29.0,1.0
523,Arlit,0,NE,1580691175,15,18.74,7.39,18.98,3.17
524,Alamogordo,40,US,1580691175,19,32.9,-105.96,16.0,3.6
525,West Bay,40,KY,1580691175,69,19.37,-81.42,24.44,2.6
526,Lujan,0,AR,1580691176,58,-34.57,-59.1,31.0,3.6
527,Coahuayana Viejo,90,MX,1580691176,44,18.73,-103.68,27.0,0.96
528,Okhotsk,57,RU,1580691176,51,59.38,143.3,-23.67,1.48
529,Salto del Guaira,15,PY,1580691176,95,-24.06,-54.31,23.05,1.42
530,Baykit,95,RU,1580691177,96,61.67,96.37,-33.66,0.78
531,Jiaozuo,7,CN,1580691125,76,35.24,113.23,0.58,2.59
532,Lima,94,PE,1580691177,78,-12.04,-77.03,24.0,5.7
533,Sao Joao da Barra,83,BR,1580691177,91,-21.64,-41.05,25.43,2.0
534,Moerai,53,PF,1580691177,83,-22.43,-151.33,27.23,6.57
535,Rey Bouba,3,CM,1580691178,17,8.67,14.18,20.15,1.13
536,Nagato,75,JP,1580691178,66,34.38,131.2,10.0,3.6
537,Kyra,0,RU,1580691178,79,49.58,111.98,-28.63,1.7
538,Dukhovshchina,92,RU,1580691178,96,55.19,32.41,1.96,5.0
539,Male,75,MV,1580691178,78,4.17,73.51,28.0,5.7
540,Baltiysk,40,RU,1580691179,69,54.65,19.91,4.0,8.0
541,Yeniseysk,88,RU,1580691179,87,58.45,92.17,-25.87,4.62
542,Sisimiut,100,GL,1580691179,96,66.94,-53.67,-16.37,1.62
543,Santa Vitoria do Palmar,0,BR,1580691124,81,-33.52,-53.37,21.97,4.93
544,Tiznit,0,MA,1580691180,25,29.58,-9.5,16.29,5.0
545,Alta Floresta,87,BR,1580691180,89,-9.88,-56.09,23.88,0.92
546,Byron Bay,3,AU,1580691003,66,-28.65,153.62,33.89,4.6
547,Abu Samrah,0,SY,1580691181,73,35.3,37.18,6.26,1.63
548,Deputatsky,0,RU,1580691181,91,69.3,139.9,-34.16,2.03
549,Zaragoza,79,ES,1580690999,100,41.66,-0.88,12.0,2.6
550,Warren,1,US,1580691182,50,39.43,-84.17,14.0,4.6
551,Guarapari,20,BR,1580691182,83,-20.67,-40.5,27.0,1.5
552,Predivinsk,27,RU,1580691183,90,57.07,93.44,-26.18,2.0
553,Tshikapa,98,CD,1580691183,95,-6.42,20.8,21.0,0.57
554,Atambua,100,ID,1580690946,71,-9.11,124.89,26.97,0.93
555,Timra,2,SE,1580691183,92,62.49,17.33,1.67,2.1
556,Fuzhou,75,CN,1580691183,81,26.06,119.31,12.0,5.0
557,Derzhavinsk,100,KZ,1580691184,79,51.1,66.32,-7.81,1.94
558,Xifeng,9,CN,1580691184,87,42.74,124.72,-17.5,1.39
559,Nueve de Julio,0,AR,1580691184,62,-35.44,-60.88,27.78,2.59
560,Alcudia,90,ES,1580691184,100,39.85,3.12,13.0,0.5
561,Ostrovnoy,100,RU,1580691185,93,68.05,39.51,-14.57,4.34
562,Esim,0,GH,1580691185,87,4.87,-2.24,25.12,0.91
563,Margate,100,GB,1580691185,87,51.38,1.39,11.0,9.8
564,Yasnogorsk,100,RU,1580691185,96,54.48,37.7,1.67,6.18
565,Morondava,20,MG,1580691186,84,-20.28,44.28,22.99,2.2
566,Gao,17,ML,1580691186,11,16.64,1.64,21.78,4.65
567,Poum,100,NC,1580691186,84,-20.23,164.02,26.99,10.41
568,Chauk,0,MM,1580691186,56,20.88,94.82,15.57,4.7
569,Sovetskaya Gavan',90,RU,1580691186,77,48.97,140.29,-14.96,2.75
570,Oksfjord,75,NO,1580691187,96,70.24,22.35,0.0,11.3
